function [M] = tempsMachine()

M = [ 18 17 8  2  15 5  13 ;
      5  2  1  10 0  5  3  ;
      0  12 11 5  8  3  5  ;
      5  15 0  4  7  12 8  ;
      0  7  10 13 10 8  10 ;
      10 12 25 7  15 6  7  ];

  
end